Region,Date,Total,AI (14d),Hospitalized,ICU,Deads,Recovered,New
Andalucía,2020-03-03,13,0.15,,,,,
Andalucía,2020-03-04,13,0.15,,1.0,0.0,,
Andalucía,2020-03-05,12,0.14,,1.0,0.0,,
Andalucía,2020-03-06,21,0.25,,1.0,0.0,,
Andalucía,2020-03-09,54,0.64,,1.0,0.0,,
Andalucía,2020-03-10,71,0.84,,1.0,0.0,,
Andalucía,2020-03-11,90,1.07,,3.0,0.0,,
Andalucía,2020-03-12,115,1.35,,4.0,0.0,,
Andalucía,2020-03-13,219,2.53,,8.0,0.0,,
Andalucía,2020-03-16,554,6.44,,11.0,7.0,,
Andalucía,2020-03-17,683,7.97,,13.0,11.0,,
Andalucía,2020-03-18,859,10.07,,21.0,19.0,,
Andalucía,2020-03-19,1008,11.84,,25.0,23.0,,
Andalucía,2020-03-20,1287,15.05,,38.0,30.0,,
Andalucía,2020-03-21,1515,17.68,605.0,53.0,40.0,,228.0
Andalucía,2020-03-22,1725,20.1,724.0,55.0,47.0,,210.0
Andalucía,2020-03-23,1961,22.66,865.0,77.0,58.0,50.0,236.0
Andalucía,2020-03-24,2471,28.52,1132.0,102.0,87.0,66.0,510.0
Andalucía,2020-03-25,3010,34.57,1433.0,116.0,113.0,71.0,539.0
Andalucía,2020-03-26,3406,38.96,1626.0,134.0,134.0,77.0,396.0
Andalucía,2020-03-27,3793,42.48,1843.0,148.0,144.0,92.0,387.0
Andalucía,2020-03-28,4277,47.63,2106.0,172.0,175.0,139.0,484.0
Andalucía,2020-03-29,4682,50.45,2294.0,201.0,207.0,148.0,405.0
Andalucía,2020-03-30,5405,57.65,2671.0,216.0,236.0,155.0,723.0
Andalucía,2020-03-31,5818,61.03,2867.0,235.0,248.0,160.0,413.0
Andalucía,2020-04-01,6392,65.76,3147.0,260.0,308.0,182.0,574.0
Andalucía,2020-04-02,6972,70.88,3444.0,280.0,343.0,228.0,580.0
Andalucía,2020-04-03,7374,72.34,3673.0,338.0,376.0,258.0,402.0
Andalucía,2020-04-04,7869,75.51,3896.0,364.0,426.0,463.0,495.0
Andalucía,2020-04-05,8301,78.15,4107.0,474.0,470.0,665.0,432.0
Andalucía,2020-04-06,8581,78.68,4227.0,489.0,491.0,798.0,280.0
Andalucía,2020-04-07,8767,74.83,4335.0,499.0,528.0,900.0,186.0
Andalucía,2020-04-08,8997,71.15,4463.0,520.0,605.0,1041.0,230.0
Andalucía,2020-04-09,9261,69.58,4599.0,538.0,652.0,1193.0,264.0
Andalucía,2020-04-10,9510,67.94,4715.0,582.0,691.0,1437.0,249.0
Andalucía,2020-04-11,9712,64.59,4808.0,602.0,737.0,1630.0,202.0
Aragón,2020-03-03,0,0.0,,,,,
Aragón,2020-03-04,0,0.0,,0.0,0.0,,
Aragón,2020-03-05,1,0.08,,1.0,0.0,,
Aragón,2020-03-06,6,0.45,,1.0,1.0,,
Aragón,2020-03-09,13,0.99,,1.0,1.0,,
Aragón,2020-03-10,38,2.88,,3.0,3.0,,
Aragón,2020-03-11,45,3.41,,3.0,4.0,,
Aragón,2020-03-12,64,4.85,,3.0,6.0,,
Aragón,2020-03-13,80,6.06,,3.0,7.0,,
Aragón,2020-03-16,174,13.19,,7.0,11.0,,
Aragón,2020-03-17,207,15.69,,9.0,12.0,,
Aragón,2020-03-18,226,17.13,,9.0,13.0,,
Aragón,2020-03-19,281,21.22,,14.0,15.0,,
Aragón,2020-03-20,360,26.83,,28.0,17.0,,
Aragón,2020-03-21,424,31.3,192.0,33.0,22.0,,64.0
Aragón,2020-03-22,532,39.49,241.0,45.0,24.0,,108.0
Aragón,2020-03-23,638,47.37,298.0,52.0,32.0,3.0,106.0
Aragón,2020-03-24,758,54.57,384.0,66.0,37.0,3.0,120.0
Aragón,2020-03-25,907,65.09,459.0,75.0,40.0,4.0,149.0
Aragón,2020-03-26,1116,79.43,562.0,93.0,48.0,4.0,209.0
Aragón,2020-03-27,1338,95.35,693.0,114.0,58.0,8.0,222.0
Aragón,2020-03-28,1592,111.5,835.0,124.0,58.0,8.0,254.0
Aragón,2020-03-29,1858,129.69,835.0,124.0,93.0,8.0,266.0
Aragón,2020-03-30,2078,144.32,1094.0,156.0,106.0,174.0,220.0
Aragón,2020-03-31,2272,156.52,1176.0,165.0,138.0,204.0,194.0
Aragón,2020-04-01,2491,171.68,1234.0,168.0,169.0,257.0,219.0
Aragón,2020-04-02,2700,183.36,1320.0,178.0,200.0,320.0,209.0
Aragón,2020-04-03,2889,191.69,1431.0,180.0,224.0,378.0,189.0
Aragón,2020-04-04,3078,201.17,1505.0,190.0,251.0,440.0,189.0
Aragón,2020-04-05,3232,204.66,1588.0,233.0,270.0,537.0,154.0
Aragón,2020-04-06,3347,205.34,1637.0,237.0,284.0,565.0,115.0
Aragón,2020-04-07,3449,203.97,1663.0,247.0,312.0,578.0,102.0
Aragón,2020-04-08,3549,200.26,1716.0,255.0,349.0,659.0,100.0
Aragón,2020-04-09,3685,194.73,1765.0,261.0,385.0,718.0,136.0
Aragón,2020-04-10,3831,188.97,1822.0,263.0,409.0,797.0,146.0
Aragón,2020-04-11,3969,180.17,1860.0,266.0,425.0,888.0,138.0
Asturias,2020-03-03,1,0.1,,,,,
Asturias,2020-03-04,2,0.2,,1.0,0.0,,
Asturias,2020-03-05,5,0.49,,2.0,0.0,,
Asturias,2020-03-06,5,0.49,,2.0,0.0,,
Asturias,2020-03-09,7,0.68,,2.0,0.0,,
Asturias,2020-03-10,22,2.15,,2.0,0.0,,
Asturias,2020-03-11,32,3.13,,2.0,0.0,,
Asturias,2020-03-12,47,4.6,,2.0,1.0,,
Asturias,2020-03-13,67,6.55,,2.0,1.0,,
Asturias,2020-03-16,177,17.21,,3.0,1.0,,
Asturias,2020-03-17,193,18.77,,5.0,1.0,,
Asturias,2020-03-18,242,23.46,,5.0,1.0,,
Asturias,2020-03-19,292,28.06,,6.0,1.0,,
Asturias,2020-03-20,344,33.14,,7.0,2.0,,
Asturias,2020-03-21,486,47.03,133.0,12.0,5.0,,142.0
Asturias,2020-03-22,545,52.6,171.0,15.0,8.0,,59.0
Asturias,2020-03-23,594,57.39,194.0,22.0,12.0,21.0,49.0
Asturias,2020-03-24,662,62.57,224.0,23.0,22.0,30.0,68.0
Asturias,2020-03-25,779,73.24,263.0,29.0,25.0,35.0,117.0
Asturias,2020-03-26,841,77.84,300.0,34.0,27.0,40.0,62.0
Asturias,2020-03-27,900,81.44,339.0,47.0,29.0,52.0,59.0
Asturias,2020-03-28,1004,89.17,408.0,50.0,33.0,65.0,104.0
Asturias,2020-03-29,1088,92.98,466.0,57.0,41.0,76.0,84.0
Asturias,2020-03-30,1158,95.91,479.0,60.0,49.0,78.0,70.0
Asturias,2020-03-31,1236,101.97,529.0,65.0,55.0,90.0,78.0
Asturias,2020-04-01,1322,105.59,590.0,76.0,63.0,109.0,86.0
Asturias,2020-04-02,1384,106.77,640.0,79.0,69.0,135.0,62.0
Asturias,2020-04-03,1433,106.47,702.0,86.0,70.0,154.0,49.0
Asturias,2020-04-04,1522,101.29,766.0,87.0,76.0,190.0,89.0
Asturias,2020-04-05,1605,103.64,808.0,90.0,80.0,216.0,83.0
Asturias,2020-04-06,1646,102.85,846.0,90.0,86.0,222.0,41.0
Asturias,2020-04-07,1679,99.43,889.0,91.0,96.0,244.0,33.0
Asturias,2020-04-08,1705,90.54,958.0,91.0,102.0,294.0,26.0
Asturias,2020-04-09,1737,87.6,1018.0,94.0,110.0,340.0,32.0
Asturias,2020-04-10,1799,87.9,1083.0,100.0,121.0,372.0,62.0
Asturias,2020-04-11,1827,80.47,1147.0,105.0,128.0,414.0,28.0
Baleares,2020-03-03,2,0.17,,,,,
Baleares,2020-03-04,5,0.43,,0.0,0.0,,
Baleares,2020-03-05,6,0.52,,0.0,0.0,,
Baleares,2020-03-06,6,0.52,,0.0,0.0,,
Baleares,2020-03-09,11,0.96,,0.0,0.0,,
Baleares,2020-03-10,13,1.13,,1.0,0.0,,
Baleares,2020-03-11,16,1.39,,1.0,0.0,,
Baleares,2020-03-12,22,1.83,,2.0,1.0,,
Baleares,2020-03-13,30,2.52,,2.0,1.0,,
Baleares,2020-03-16,73,6.18,,4.0,1.0,,
Baleares,2020-03-17,92,7.83,,4.0,1.0,,
Baleares,2020-03-18,112,9.31,,4.0,1.0,,
Baleares,2020-03-19,169,14.18,,7.0,2.0,,
Baleares,2020-03-20,203,17.14,,10.0,2.0,,
Baleares,2020-03-21,246,20.88,60.0,14.0,4.0,,43.0
Baleares,2020-03-22,331,28.1,79.0,14.0,4.0,,85.0
Baleares,2020-03-23,400,33.84,87.0,27.0,10.0,18.0,69.0
Baleares,2020-03-24,478,40.45,127.0,35.0,10.0,19.0,78.0
Baleares,2020-03-25,562,45.55,164.0,40.0,13.0,28.0,84.0
Baleares,2020-03-26,660,53.23,205.0,43.0,17.0,39.0,98.0
Baleares,2020-03-27,755,63.25,237.0,46.0,22.0,67.0,95.0
Baleares,2020-03-28,862,72.56,283.0,59.0,26.0,80.0,107.0
Baleares,2020-03-29,958,79.69,345.0,71.0,29.0,82.0,96.0
Baleares,2020-03-30,1000,80.65,353.0,80.0,37.0,100.0,42.0
Baleares,2020-03-31,1069,85.0,399.0,85.0,42.0,111.0,69.0
Baleares,2020-04-01,1131,88.65,468.0,95.0,46.0,170.0,62.0
Baleares,2020-04-02,1204,90.04,517.0,105.0,58.0,239.0,73.0
Baleares,2020-04-03,1257,91.7,587.0,112.0,69.0,375.0,53.0
Baleares,2020-04-04,1271,89.17,634.0,114.0,71.0,422.0,14.0
Baleares,2020-04-05,1293,83.69,664.0,120.0,75.0,461.0,22.0
Baleares,2020-04-06,1320,80.04,683.0,121.0,81.0,531.0,27.0
Baleares,2020-04-07,1369,77.51,705.0,124.0,84.0,537.0,49.0
Baleares,2020-04-08,1412,73.95,731.0,129.0,89.0,616.0,43.0
Baleares,2020-04-09,1448,68.55,751.0,132.0,89.0,696.0,36.0
Baleares,2020-04-10,1488,63.77,777.0,136.0,97.0,737.0,40.0
Baleares,2020-04-11,1507,56.11,778.0,137.0,102.0,757.0,19.0
C-Valenciana,2020-03-03,15,0.3,,,,,
C-Valenciana,2020-03-04,19,0.38,,0.0,1.0,,
C-Valenciana,2020-03-05,19,0.38,,0.0,1.0,,
C-Valenciana,2020-03-06,30,0.6,,1.0,1.0,,
C-Valenciana,2020-03-09,37,0.74,,1.0,1.0,,
C-Valenciana,2020-03-10,50,1.0,,1.0,1.0,,
C-Valenciana,2020-03-11,65,1.28,,1.0,1.0,,
C-Valenciana,2020-03-12,76,1.48,,2.0,1.0,,
C-Valenciana,2020-03-13,94,1.72,,2.0,1.0,,
C-Valenciana,2020-03-16,409,7.87,,4.0,5.0,,
C-Valenciana,2020-03-17,541,10.51,,27.0,13.0,,
C-Valenciana,2020-03-18,726,14.13,,40.0,22.0,,
C-Valenciana,2020-03-19,921,18.03,,52.0,24.0,,
C-Valenciana,2020-03-20,1105,21.48,,71.0,33.0,,
C-Valenciana,2020-03-21,1363,26.64,476.0,84.0,50.0,,258.0
C-Valenciana,2020-03-22,1604,31.32,590.0,113.0,69.0,,241.0
C-Valenciana,2020-03-23,1901,37.25,702.0,138.0,94.0,36.0,297.0
C-Valenciana,2020-03-24,2167,42.31,917.0,161.0,115.0,37.0,266.0
C-Valenciana,2020-03-25,2616,51.03,1071.0,198.0,143.0,44.0,449.0
C-Valenciana,2020-03-26,3200,62.5,1278.0,230.0,167.0,57.0,584.0
C-Valenciana,2020-03-27,3532,68.71,1422.0,252.0,198.0,73.0,332.0
C-Valenciana,2020-03-28,4034,78.02,1694.0,282.0,234.0,92.0,502.0
C-Valenciana,2020-03-29,4784,87.43,1874.0,309.0,267.0,161.0,750.0
C-Valenciana,2020-03-30,5110,93.95,2042.0,336.0,310.0,185.0,326.0
C-Valenciana,2020-03-31,5508,99.27,2189.0,356.0,339.0,200.0,398.0
C-Valenciana,2020-04-01,5922,103.84,2189.0,365.0,395.0,240.0,414.0
C-Valenciana,2020-04-02,6308,107.66,2189.0,379.0,443.0,432.0,386.0
C-Valenciana,2020-04-03,6624,110.3,2064.0,386.0,511.0,592.0,316.0
C-Valenciana,2020-04-04,6901,110.68,1977.0,386.0,571.0,695.0,277.0
C-Valenciana,2020-04-05,7184,111.52,1901.0,381.0,613.0,812.0,283.0
C-Valenciana,2020-04-06,7334,108.58,1909.0,384.0,637.0,930.0,150.0
C-Valenciana,2020-04-07,7443,105.44,1887.0,384.0,672.0,1103.0,109.0
C-Valenciana,2020-04-08,7655,100.7,1714.0,371.0,724.0,1344.0,212.0
C-Valenciana,2020-04-09,7964,95.21,3815.0,541.0,767.0,1772.0,309.0
C-Valenciana,2020-04-10,8331,95.91,3987.0,561.0,796.0,2085.0,367.0
C-Valenciana,2020-04-11,8578,90.81,4132.0,565.0,818.0,2289.0,247.0
Canarias,2020-03-03,7,0.33,,,,,
Canarias,2020-03-04,7,0.33,,0.0,0.0,,
Canarias,2020-03-05,8,0.37,,0.0,0.0,,
Canarias,2020-03-06,11,0.51,,0.0,0.0,,
Canarias,2020-03-09,22,1.02,,0.0,0.0,,
Canarias,2020-03-10,25,1.16,,1.0,0.0,,
Canarias,2020-03-11,37,1.49,,1.0,0.0,,
Canarias,2020-03-12,51,2.09,,3.0,0.0,,
Canarias,2020-03-13,70,2.97,,2.0,0.0,,
Canarias,2020-03-16,119,5.2,,9.0,1.0,,
Canarias,2020-03-17,148,6.55,,13.0,2.0,,
Canarias,2020-03-18,181,8.08,,17.0,3.0,,
Canarias,2020-03-19,220,9.84,,23.0,3.0,,
Canarias,2020-03-20,287,12.82,,25.0,4.0,,
Canarias,2020-03-21,348,15.65,139.0,29.0,7.0,,61.0
Canarias,2020-03-22,414,18.44,150.0,32.0,9.0,,66.0
Canarias,2020-03-23,481,21.32,172.0,32.0,11.0,7.0,67.0
Canarias,2020-03-24,557,24.71,207.0,36.0,16.0,8.0,76.0
Canarias,2020-03-25,657,27.92,235.0,43.0,21.0,15.0,100.0
Canarias,2020-03-26,784,33.01,279.0,45.0,24.0,18.0,127.0
Canarias,2020-03-27,878,37.52,328.0,61.0,27.0,20.0,94.0
Canarias,2020-03-28,1025,43.42,377.0,68.0,36.0,25.0,147.0
Canarias,2020-03-29,1125,47.18,425.0,78.0,39.0,30.0,100.0
Canarias,2020-03-30,1204,50.39,444.0,84.0,40.0,32.0,79.0
Canarias,2020-03-31,1262,51.73,483.0,94.0,55.0,57.0,58.0
Canarias,2020-04-01,1380,55.68,532.0,110.0,62.0,77.0,118.0
Canarias,2020-04-02,1444,56.84,566.0,113.0,68.0,94.0,64.0
Canarias,2020-04-03,1490,55.87,605.0,120.0,73.0,102.0,46.0
Canarias,2020-04-04,1564,56.47,632.0,128.0,78.0,123.0,74.0
Canarias,2020-04-05,1622,56.1,644.0,129.0,80.0,137.0,58.0
Canarias,2020-04-06,1649,54.24,651.0,133.0,85.0,157.0,27.0
Canarias,2020-04-07,1725,54.24,689.0,137.0,89.0,186.0,76.0
Canarias,2020-04-08,1762,51.31,703.0,138.0,91.0,249.0,37.0
Canarias,2020-04-09,1834,48.76,730.0,140.0,92.0,359.0,72.0
Canarias,2020-04-10,1858,45.51,738.0,141.0,94.0,386.0,24.0
Canarias,2020-04-11,1887,40.03,745.0,144.0,95.0,432.0,29.0
Cantabria,2020-03-03,10,1.72,,,,,
Cantabria,2020-03-04,10,1.72,,0.0,0.0,,
Cantabria,2020-03-05,10,1.72,,0.0,0.0,,
Cantabria,2020-03-06,10,1.72,,0.0,0.0,,
Cantabria,2020-03-09,12,2.07,,0.0,0.0,,
Cantabria,2020-03-10,12,2.07,,0.0,0.0,,
Cantabria,2020-03-11,12,2.07,,0.0,0.0,,
Cantabria,2020-03-12,16,2.75,,0.0,0.0,,
Cantabria,2020-03-13,29,4.99,,0.0,0.0,,
Cantabria,2020-03-16,58,8.26,,2.0,0.0,,
Cantabria,2020-03-17,58,8.26,,2.0,0.0,,
Cantabria,2020-03-18,68,9.98,,3.0,1.0,,
Cantabria,2020-03-19,83,12.56,,4.0,1.0,,
Cantabria,2020-03-20,144,23.06,,7.0,1.0,,
Cantabria,2020-03-21,215,35.28,92.0,9.0,2.0,,71.0
Cantabria,2020-03-22,282,46.47,116.0,9.0,5.0,,67.0
Cantabria,2020-03-23,347,57.65,157.0,14.0,6.0,11.0,65.0
Cantabria,2020-03-24,425,71.07,200.0,16.0,9.0,12.0,78.0
Cantabria,2020-03-25,510,85.57,241.0,18.0,14.0,12.0,85.0
Cantabria,2020-03-26,671,112.55,300.0,26.0,17.0,14.0,161.0
Cantabria,2020-03-27,810,134.41,355.0,29.0,21.0,19.0,139.0
Cantabria,2020-03-28,937,155.92,406.0,37.0,22.0,21.0,127.0
Cantabria,2020-03-29,1023,167.28,449.0,40.0,26.0,25.0,86.0
Cantabria,2020-03-30,1100,179.32,481.0,46.0,27.0,24.0,77.0
Cantabria,2020-03-31,1171,191.54,522.0,50.0,37.0,35.0,71.0
Cantabria,2020-04-01,1213,197.05,543.0,54.0,54.0,43.0,42.0
Cantabria,2020-04-02,1268,203.93,567.0,57.0,60.0,60.0,55.0
Cantabria,2020-04-03,1321,202.55,592.0,59.0,64.0,74.0,53.0
Cantabria,2020-04-04,1384,201.18,619.0,60.0,68.0,99.0,63.0
Cantabria,2020-04-05,1441,199.46,639.0,62.0,68.0,113.0,57.0
Cantabria,2020-04-06,1483,195.5,658.0,65.0,77.0,118.0,42.0
Cantabria,2020-04-07,1501,185.17,677.0,66.0,85.0,129.0,18.0
Cantabria,2020-04-08,1572,182.76,700.0,69.0,92.0,175.0,71.0
Cantabria,2020-04-09,1619,163.15,720.0,71.0,98.0,214.0,47.0
Cantabria,2020-04-10,1659,146.11,747.0,73.0,102.0,265.0,40.0
Cantabria,2020-04-11,1719,134.58,773.0,75.0,107.0,281.0,60.0
Castilla-La-Mancha,2020-03-03,7,0.34,,,,,
Castilla-La-Mancha,2020-03-04,12,0.59,,1.0,0.0,,
Castilla-La-Mancha,2020-03-05,13,0.64,,1.0,0.0,,
Castilla-La-Mancha,2020-03-06,15,0.74,,1.0,0.0,,
Castilla-La-Mancha,2020-03-09,26,1.28,,2.0,0.0,,
Castilla-La-Mancha,2020-03-10,39,1.92,,2.0,0.0,,
Castilla-La-Mancha,2020-03-11,71,3.49,,5.0,0.0,,
Castilla-La-Mancha,2020-03-12,115,5.66,,9.0,1.0,,
Castilla-La-Mancha,2020-03-13,194,9.54,,10.0,5.0,,
Castilla-La-Mancha,2020-03-16,567,27.74,,23.0,17.0,,
Castilla-La-Mancha,2020-03-17,567,27.55,,23.0,17.0,,
Castilla-La-Mancha,2020-03-18,675,32.61,,29.0,28.0,,
Castilla-La-Mancha,2020-03-19,801,38.76,,37.0,42.0,,
Castilla-La-Mancha,2020-03-20,1044,50.62,,37.0,62.0,,
Castilla-La-Mancha,2020-03-21,1423,69.26,635.0,65.0,84.0,,379.0
Castilla-La-Mancha,2020-03-22,1819,88.74,838.0,76.0,112.0,,396.0
Castilla-La-Mancha,2020-03-23,2078,100.94,1547.0,142.0,145.0,51.0,259.0
Castilla-La-Mancha,2020-03-24,2465,119.34,1826.0,182.0,216.0,53.0,387.0
Castilla-La-Mancha,2020-03-25,2780,132.9,2162.0,210.0,263.0,71.0,315.0
Castilla-La-Mancha,2020-03-26,3383,160.32,262.0,243.0,316.0,95.0,603.0
Castilla-La-Mancha,2020-03-27,3934,183.98,2707.0,273.0,367.0,153.0,551.0
Castilla-La-Mancha,2020-03-28,4512,207.74,2977.0,289.0,448.0,197.0,578.0
Castilla-La-Mancha,2020-03-29,5246,238.33,3018.0,299.0,539.0,236.0,734.0
Castilla-La-Mancha,2020-03-30,5858,260.27,3134.0,302.0,622.0,252.0,612.0
Castilla-La-Mancha,2020-03-31,6424,288.12,3225.0,344.0,708.0,296.0,566.0
Castilla-La-Mancha,2020-04-01,7047,313.45,3230.0,353.0,774.0,397.0,623.0
Castilla-La-Mancha,2020-04-02,7682,338.49,3230.0,355.0,854.0,494.0,635.0
Castilla-La-Mancha,2020-04-03,8523,367.9,3168.0,355.0,916.0,579.0,841.0
Castilla-La-Mancha,2020-04-04,9324,388.66,3133.0,360.0,989.0,657.0,801.0
Castilla-La-Mancha,2020-04-05,10031,403.96,2950.0,357.0,1055.0,1149.0,707.0
Castilla-La-Mancha,2020-04-06,10602,419.31,2901.0,354.0,1132.0,1259.0,571.0
Castilla-La-Mancha,2020-04-07,11077,423.64,2908.0,360.0,1177.0,1353.0,475.0
Castilla-La-Mancha,2020-04-08,11788,443.12,2731.0,354.0,1255.0,1557.0,711.0
Castilla-La-Mancha,2020-04-09,12489,447.94,2575.0,342.0,1322.0,1766.0,701.0
Castilla-La-Mancha,2020-04-10,13063,449.07,2359.0,329.0,1431.0,1982.0,574.0
Castilla-La-Mancha,2020-04-11,13456,439.97,2198.0,316.0,1483.0,2205.0,393.0
Castilla-y-León,2020-03-03,8,0.33,,,,,
Castilla-y-León,2020-03-04,11,0.46,,1.0,0.0,,
Castilla-y-León,2020-03-05,11,0.46,,1.0,0.0,,
Castilla-y-León,2020-03-06,14,0.58,,1.0,0.0,,
Castilla-y-León,2020-03-09,23,0.96,,1.0,0.0,,
Castilla-y-León,2020-03-10,56,2.33,,2.0,0.0,,
Castilla-y-León,2020-03-11,71,2.96,,2.0,0.0,,
Castilla-y-León,2020-03-12,92,3.83,,4.0,0.0,,
Castilla-y-León,2020-03-13,169,6.96,,8.0,1.0,,
Castilla-y-León,2020-03-16,334,13.79,,24.0,9.0,,
Castilla-y-León,2020-03-17,431,17.63,,24.0,12.0,,
Castilla-y-León,2020-03-18,668,27.38,,43.0,22.0,,
Castilla-y-León,2020-03-19,868,35.72,,54.0,29.0,,
Castilla-y-León,2020-03-20,1147,47.22,,69.0,43.0,,
Castilla-y-León,2020-03-21,1466,60.51,575.0,85.0,55.0,,319.0
Castilla-y-León,2020-03-22,1744,71.76,709.0,106.0,74.0,,278.0
Castilla-y-León,2020-03-23,2055,84.68,860.0,120.0,102.0,117.0,311.0
Castilla-y-León,2020-03-24,2460,100.19,1057.0,137.0,124.0,140.0,405.0
Castilla-y-León,2020-03-25,2940,119.4,1244.0,170.0,165.0,213.0,480.0
Castilla-y-León,2020-03-26,3488,141.33,1515.0,202.0,206.0,308.0,548.0
Castilla-y-León,2020-03-27,4132,165.16,1791.0,228.0,252.0,423.0,644.0
Castilla-y-León,2020-03-28,4791,190.37,2063.0,249.0,321.0,585.0,659.0
Castilla-y-León,2020-03-29,5414,213.46,2408.0,278.0,380.0,752.0,623.0
Castilla-y-León,2020-03-30,5801,227.83,2540.0,307.0,442.0,871.0,387.0
Castilla-y-León,2020-03-31,6211,240.88,2601.0,325.0,516.0,1028.0,410.0
Castilla-y-León,2020-04-01,6847,257.51,2692.0,345.0,585.0,1259.0,636.0
Castilla-y-León,2020-04-02,7355,270.34,2709.0,353.0,641.0,1498.0,508.0
Castilla-y-León,2020-04-03,7875,280.39,2711.0,355.0,723.0,1759.0,520.0
Castilla-y-León,2020-04-04,8332,286.14,2664.0,348.0,786.0,2021.0,457.0
Castilla-y-León,2020-04-05,8749,291.93,2574.0,351.0,847.0,2331.0,417.0
Castilla-y-León,2020-04-06,9116,294.26,2508.0,348.0,919.0,2533.0,367.0
Castilla-y-León,2020-04-07,9581,296.76,5180.0,346.0,982.0,2711.0,465.0
Castilla-y-León,2020-04-08,10058,296.64,5322.0,342.0,1028.0,2988.0,477.0
Castilla-y-León,2020-04-09,10518,292.97,5523.0,338.0,1082.0,3242.0,460.0
Castilla-y-León,2020-04-10,11102,290.47,5674.0,332.0,1129.0,3506.0,584.0
Castilla-y-León,2020-04-11,11543,281.39,5817.0,327.0,1180.0,3757.0,441.0
Cataluña,2020-03-03,15,0.2,,,,,
Cataluña,2020-03-04,15,0.2,,0.0,0.0,,
Cataluña,2020-03-05,24,0.31,,0.0,0.0,,
Cataluña,2020-03-06,24,0.31,,0.0,0.0,,
Cataluña,2020-03-09,75,0.98,,0.0,1.0,,
Cataluña,2020-03-10,124,1.62,,0.0,3.0,,
Cataluña,2020-03-11,156,2.02,,0.0,3.0,,
Cataluña,2020-03-12,260,3.36,,0.0,4.0,,
Cataluña,2020-03-13,316,4.08,,25.0,4.0,,
Cataluña,2020-03-16,903,11.57,,33.0,12.0,,
Cataluña,2020-03-17,1394,17.97,,33.0,18.0,,
Cataluña,2020-03-18,1866,24.12,,33.0,41.0,,
Cataluña,2020-03-19,2702,34.89,,33.0,55.0,,
Cataluña,2020-03-20,3270,42.29,,33.0,82.0,,
Cataluña,2020-03-21,4203,54.45,1681.0,298.0,122.0,,933.0
Cataluña,2020-03-22,4704,60.65,1681.0,298.0,191.0,,501.0
Cataluña,2020-03-23,5925,76.22,1681.0,551.0,245.0,644.0,1221.0
Cataluña,2020-03-24,7864,100.84,3599.0,551.0,282.0,728.0,1939.0
Cataluña,2020-03-25,9937,128.54,5434.0,781.0,516.0,1274.0,2073.0
Cataluña,2020-03-26,11592,148.92,7439.0,1021.0,672.0,1697.0,1655.0
Cataluña,2020-03-27,12940,164.48,8545.0,1187.0,880.0,2348.0,1348.0
Cataluña,2020-03-28,14263,179.2,9900.0,1324.0,1070.0,3106.0,1323.0
Cataluña,2020-03-29,15026,186.46,10688.0,1391.0,1226.0,3455.0,763.0
Cataluña,2020-03-30,16157,198.74,11769.0,1512.0,1410.0,4125.0,1131.0
Cataluña,2020-03-31,18773,226.43,12974.0,1652.0,1672.0,4966.0,2616.0
Cataluña,2020-04-01,19991,236.15,13969.0,1769.0,1849.0,5701.0,1218.0
Cataluña,2020-04-02,21804,248.88,15489.0,1855.0,2093.0,6917.0,1813.0
Cataluña,2020-04-03,23460,263.05,17257.0,2053.0,2335.0,7849.0,1656.0
Cataluña,2020-04-04,24734,267.5,17678.0,2108.0,2508.0,8635.0,1274.0
Cataluña,2020-04-05,26032,277.88,18656.0,2249.0,2637.0,9528.0,1298.0
Cataluña,2020-04-06,26824,272.29,19143.0,2276.0,2760.0,10088.0,792.0
Cataluña,2020-04-07,28323,266.56,19745.0,2391.0,2908.0,10738.0,1499.0
Cataluña,2020-04-08,29647,256.8,20250.0,2442.0,3041.0,12250.0,1324.0
Cataluña,2020-04-09,31043,253.43,20943.0,2507.0,3148.0,13063.0,1396.0
Cataluña,2020-04-10,31824,246.04,21530.0,2582.0,3231.0,13513.0,781.0
Cataluña,2020-04-11,32984,243.91,21921.0,2629.0,3331.0,14258.0,1160.0
Ceuta,2020-03-03,0,0.0,,,,,
Ceuta,2020-03-04,0,0.0,,0.0,0.0,,
Ceuta,2020-03-05,0,0.0,,0.0,0.0,,
Ceuta,2020-03-06,0,0.0,,0.0,0.0,,
Ceuta,2020-03-09,0,0.0,,0.0,0.0,,
Ceuta,2020-03-10,0,0.0,,0.0,0.0,,
Ceuta,2020-03-11,0,0.0,,0.0,0.0,,
Ceuta,2020-03-12,0,0.0,,0.0,0.0,,
Ceuta,2020-03-13,0,0.0,,0.0,0.0,,
Ceuta,2020-03-16,1,1.18,,0.0,0.0,,
Ceuta,2020-03-17,1,1.18,,0.0,0.0,,
Ceuta,2020-03-18,1,1.18,,0.0,0.0,,
Ceuta,2020-03-19,1,1.18,,0.0,0.0,,
Ceuta,2020-03-20,5,5.9,,0.0,0.0,,
Ceuta,2020-03-21,5,5.9,0.0,0.0,0.0,,0.0
Ceuta,2020-03-22,5,5.9,0.0,0.0,0.0,,0.0
Ceuta,2020-03-23,6,7.08,0.0,0.0,0.0,0.0,1.0
Ceuta,2020-03-24,6,7.08,0.0,0.0,0.0,0.0,0.0
Ceuta,2020-03-25,9,10.66,2.0,1.0,0.0,0.0,3.0
Ceuta,2020-03-26,10,11.84,2.0,2.0,0.0,0.0,1.0
Ceuta,2020-03-27,17,20.05,2.0,2.0,0.0,0.0,7.0
Ceuta,2020-03-28,17,20.05,2.0,2.0,1.0,0.0,0.0
Ceuta,2020-03-29,21,23.59,2.0,2.0,1.0,0.0,4.0
Ceuta,2020-03-30,25,28.31,2.0,2.0,1.0,0.0,4.0
Ceuta,2020-03-31,34,38.93,3.0,3.0,1.0,0.0,9.0
Ceuta,2020-04-01,51,58.98,6.0,3.0,1.0,0.0,17.0
Ceuta,2020-04-02,55,63.7,7.0,3.0,1.0,0.0,4.0
Ceuta,2020-04-03,62,67.24,8.0,3.0,1.0,2.0,7.0
Ceuta,2020-04-04,73,80.21,8.0,4.0,1.0,2.0,11.0
Ceuta,2020-04-05,83,92.01,9.0,4.0,2.0,2.0,10.0
Ceuta,2020-04-06,83,90.83,9.0,4.0,3.0,2.0,0.0
Ceuta,2020-04-07,83,90.83,9.0,4.0,4.0,2.0,0.0
Ceuta,2020-04-08,84,88.47,9.0,4.0,4.0,7.0,1.0
Ceuta,2020-04-09,84,87.29,9.0,4.0,4.0,7.0,0.0
Ceuta,2020-04-10,91,87.29,9.0,4.0,4.0,12.0,7.0
Ceuta,2020-04-11,93,89.65,9.0,4.0,4.0,17.0,2.0
Extremadura,2020-03-03,6,0.56,,,,,
Extremadura,2020-03-04,6,0.56,,0.0,0.0,,
Extremadura,2020-03-05,6,0.56,,0.0,0.0,,
Extremadura,2020-03-06,6,0.56,,0.0,0.0,,
Extremadura,2020-03-09,7,0.66,,0.0,0.0,,
Extremadura,2020-03-10,8,0.75,,0.0,0.0,,
Extremadura,2020-03-11,9,0.84,,1.0,0.0,,
Extremadura,2020-03-12,19,1.78,,1.0,1.0,,
Extremadura,2020-03-13,39,3.65,,1.0,1.0,,
Extremadura,2020-03-16,111,9.83,,1.0,2.0,,
Extremadura,2020-03-17,153,13.77,,2.0,3.0,,
Extremadura,2020-03-18,194,17.61,,3.0,6.0,,
Extremadura,2020-03-19,241,22.01,,3.0,8.0,,
Extremadura,2020-03-20,297,27.25,,4.0,10.0,,
Extremadura,2020-03-21,354,32.59,65.0,6.0,12.0,,57.0
Extremadura,2020-03-22,384,35.4,87.0,8.0,14.0,,30.0
Extremadura,2020-03-23,493,45.52,131.0,13.0,18.0,6.0,109.0
Extremadura,2020-03-24,636,58.82,161.0,20.0,26.0,8.0,143.0
Extremadura,2020-03-25,742,68.97,209.0,28.0,39.0,8.0,106.0
Extremadura,2020-03-26,969,89.39,241.0,34.0,58.0,24.0,227.0
Extremadura,2020-03-27,1231,111.64,277.0,41.0,69.0,33.0,262.0
Extremadura,2020-03-28,1394,124.38,312.0,40.0,88.0,49.0,163.0
Extremadura,2020-03-29,1456,127.47,313.0,41.0,100.0,51.0,62.0
Extremadura,2020-03-30,1560,135.71,353.0,43.0,106.0,60.0,104.0
Extremadura,2020-03-31,1628,138.15,371.0,51.0,133.0,91.0,68.0
Extremadura,2020-04-01,1679,139.08,372.0,58.0,152.0,113.0,51.0
Extremadura,2020-04-02,1837,149.48,412.0,62.0,181.0,139.0,158.0
Extremadura,2020-04-03,1893,149.48,415.0,64.0,200.0,164.0,56.0
Extremadura,2020-04-04,1979,152.19,453.0,64.0,208.0,205.0,86.0
Extremadura,2020-04-05,2047,155.75,417.0,66.0,218.0,215.0,68.0
Extremadura,2020-04-06,2068,147.51,453.0,66.0,228.0,223.0,21.0
Extremadura,2020-04-07,2116,138.61,686.0,70.0,258.0,282.0,48.0
Extremadura,2020-04-08,2184,135.06,898.0,98.0,271.0,328.0,68.0
Extremadura,2020-04-09,2273,122.13,958.0,99.0,283.0,381.0,89.0
Extremadura,2020-04-10,2332,103.12,1003.0,101.0,288.0,397.0,59.0
Extremadura,2020-04-11,2486,102.27,1052.0,104.0,303.0,462.0,154.0
Galicia,2020-03-03,0,0.0,,,,,
Galicia,2020-03-04,1,0.04,,0.0,0.0,,
Galicia,2020-03-05,1,0.04,,0.0,0.0,,
Galicia,2020-03-06,3,0.11,,0.0,0.0,,
Galicia,2020-03-09,6,0.22,,0.0,0.0,,
Galicia,2020-03-10,22,0.81,,2.0,0.0,,
Galicia,2020-03-11,39,1.44,,2.0,0.0,,
Galicia,2020-03-12,35,1.3,,2.0,0.0,,
Galicia,2020-03-13,85,3.15,,2.0,0.0,,
Galicia,2020-03-16,245,9.08,,9.0,2.0,,
Galicia,2020-03-17,292,10.82,,9.0,3.0,,
Galicia,2020-03-18,341,12.59,,12.0,3.0,,
Galicia,2020-03-19,453,16.74,,15.0,4.0,,
Galicia,2020-03-20,578,21.3,,19.0,5.0,,
Galicia,2020-03-21,739,27.26,168.0,29.0,9.0,,161.0
Galicia,2020-03-22,915,33.71,227.0,35.0,12.0,,176.0
Galicia,2020-03-23,1208,44.53,270.0,47.0,18.0,19.0,293.0
Galicia,2020-03-24,1415,51.6,338.0,55.0,20.0,19.0,207.0
Galicia,2020-03-25,1653,59.95,412.0,69.0,27.0,25.0,238.0
Galicia,2020-03-26,1915,69.66,503.0,86.0,32.0,47.0,262.0
Galicia,2020-03-27,2322,82.87,557.0,98.0,43.0,67.0,407.0
Galicia,2020-03-28,2772,98.43,906.0,112.0,47.0,95.0,450.0
Galicia,2020-03-29,3139,109.06,1043.0,123.0,60.0,153.0,367.0
Galicia,2020-03-30,3723,128.84,1147.0,134.0,66.0,168.0,584.0
Galicia,2020-03-31,4039,138.8,1250.0,149.0,84.0,187.0,316.0
Galicia,2020-04-01,4432,151.55,1338.0,158.0,103.0,259.0,393.0
Galicia,2020-04-02,4842,162.59,1447.0,165.0,120.0,333.0,410.0
Galicia,2020-04-03,5219,171.92,1630.0,178.0,138.0,435.0,377.0
Galicia,2020-04-04,5625,181.0,1767.0,178.0,159.0,531.0,406.0
Galicia,2020-04-05,5944,186.29,1831.0,170.0,174.0,587.0,319.0
Galicia,2020-04-06,6151,183.11,1916.0,170.0,190.0,610.0,207.0
Galicia,2020-04-07,6331,182.11,1968.0,162.0,204.0,688.0,180.0
Galicia,2020-04-08,6538,180.96,2014.0,158.0,213.0,800.0,207.0
Galicia,2020-04-09,6758,179.4,2094.0,155.0,231.0,910.0,220.0
Galicia,2020-04-10,6946,171.29,2165.0,151.0,243.0,997.0,188.0
Galicia,2020-04-11,7176,163.14,2215.0,144.0,261.0,1082.0,230.0
La-Rioja,2020-03-03,3,0.95,,,,,
La-Rioja,2020-03-04,7,2.21,,0.0,0.0,,
La-Rioja,2020-03-05,11,3.47,,0.0,0.0,,
La-Rioja,2020-03-06,29,9.15,,0.0,0.0,,
La-Rioja,2020-03-09,81,25.57,,1.0,0.0,,
La-Rioja,2020-03-10,144,45.45,,1.0,1.0,,
La-Rioja,2020-03-11,179,56.5,,1.0,2.0,,
La-Rioja,2020-03-12,205,64.71,,1.0,2.0,,
La-Rioja,2020-03-13,243,76.71,,2.0,2.0,,
La-Rioja,2020-03-16,312,98.17,,13.0,4.0,,
La-Rioja,2020-03-17,355,111.11,,13.0,5.0,,
La-Rioja,2020-03-18,419,130.05,,13.0,5.0,,
La-Rioja,2020-03-19,468,144.26,,15.0,5.0,,
La-Rioja,2020-03-20,497,147.73,,15.0,7.0,,
La-Rioja,2020-03-21,564,165.72,128.0,17.0,15.0,,67.0
La-Rioja,2020-03-22,654,189.08,134.0,17.0,18.0,,90.0
La-Rioja,2020-03-23,747,210.23,166.0,22.0,22.0,18.0,93.0
La-Rioja,2020-03-24,802,207.7,206.0,24.0,30.0,24.0,55.0
La-Rioja,2020-03-25,928,238.17,254.0,33.0,37.0,43.0,126.0
La-Rioja,2020-03-26,995,251.2,316.0,36.0,43.0,48.0,67.0
La-Rioja,2020-03-27,1236,313.45,388.0,43.0,55.0,62.0,241.0
La-Rioja,2020-03-28,1436,365.53,458.0,43.0,65.0,364.0,200.0
La-Rioja,2020-03-29,1629,419.51,497.0,43.0,68.0,397.0,193.0
La-Rioja,2020-03-30,1733,448.55,517.0,43.0,71.0,431.0,104.0
La-Rioja,2020-03-31,1810,459.28,575.0,51.0,85.0,496.0,77.0
La-Rioja,2020-04-01,1960,486.43,619.0,54.0,90.0,569.0,150.0
La-Rioja,2020-04-02,2083,509.79,660.0,57.0,101.0,641.0,123.0
La-Rioja,2020-04-03,2224,545.14,738.0,64.0,109.0,745.0,141.0
La-Rioja,2020-04-04,2405,581.13,805.0,64.0,128.0,843.0,181.0
La-Rioja,2020-04-05,2592,611.75,855.0,66.0,134.0,904.0,187.0
La-Rioja,2020-04-06,2719,622.48,888.0,66.0,141.0,964.0,127.0
La-Rioja,2020-04-07,2846,645.21,918.0,66.0,160.0,994.0,127.0
La-Rioja,2020-04-08,2951,638.58,955.0,68.0,177.0,1061.0,105.0
La-Rioja,2020-04-09,3026,641.1,997.0,69.0,182.0,1172.0,75.0
La-Rioja,2020-04-10,3076,580.81,1047.0,71.0,196.0,1256.0,50.0
La-Rioja,2020-04-11,3223,564.08,1082.0,73.0,207.0,1337.0,147.0
Madrid,2020-03-03,49,0.74,,,,,
Madrid,2020-03-04,70,1.05,,2.0,0.0,,
Madrid,2020-03-05,90,1.35,,2.0,1.0,,
Madrid,2020-03-06,137,2.06,,2.0,2.0,,
Madrid,2020-03-09,469,7.04,,53.0,8.0,,
Madrid,2020-03-10,782,11.74,,77.0,21.0,,
Madrid,2020-03-11,1024,15.34,,102.0,31.0,,
Madrid,2020-03-12,1388,20.77,,135.0,56.0,,
Madrid,2020-03-13,1990,29.79,,180.0,81.0,,
Madrid,2020-03-16,4165,62.07,,253.0,213.0,,
Madrid,2020-03-17,4871,72.37,,340.0,355.0,,
Madrid,2020-03-18,5637,83.55,,491.0,390.0,,
Madrid,2020-03-19,6777,100.35,,590.0,498.0,,
Madrid,2020-03-20,7165,105.47,,678.0,628.0,,
Madrid,2020-03-21,8921,131.82,7388.0,767.0,804.0,,1756.0
Madrid,2020-03-22,9702,142.98,8441.0,834.0,1021.0,,781.0
Madrid,2020-03-23,10575,151.66,9561.0,942.0,1263.0,2063.0,873.0
Madrid,2020-03-24,12352,173.64,10443.0,1050.0,1535.0,2291.0,1777.0
Madrid,2020-03-25,14597,203.02,11153.0,1150.0,1825.0,3031.0,2245.0
Madrid,2020-03-26,17166,236.0,12440.0,1221.0,2090.0,3882.0,2569.0
Madrid,2020-03-27,19243,258.92,13580.0,1312.0,2412.0,5044.0,2077.0
Madrid,2020-03-28,21520,278.84,14211.0,1404.0,2757.0,6326.0,2277.0
Madrid,2020-03-29,22677,287.14,14454.0,1429.0,3082.0,7491.0,1157.0
Madrid,2020-03-30,24090,299.02,14917.0,1460.0,3392.0,8301.0,1413.0
Madrid,2020-03-31,27509,339.74,15140.0,1514.0,3603.0,9330.0,3419.0
Madrid,2020-04-01,29840,363.22,15227.0,1514.0,3865.0,10827.0,2331.0
Madrid,2020-04-02,32155,380.86,15227.0,1528.0,4175.0,12400.0,2315.0
Madrid,2020-04-03,34188,405.54,15050.0,1506.0,4483.0,13850.0,2033.0
Madrid,2020-04-04,36249,410.12,14741.0,1498.0,4723.0,15362.0,2061.0
Madrid,2020-04-05,37584,418.44,14551.0,1499.0,4941.0,16543.0,1335.0
Madrid,2020-04-06,38723,422.43,14501.0,1510.0,5136.0,17322.0,1139.0
Madrid,2020-04-07,40469,421.96,13950.0,1494.0,5371.0,18410.0,1746.0
Madrid,2020-04-08,42450,418.0,13289.0,1450.0,5586.0,19836.0,1981.0
Madrid,2020-04-09,43877,400.86,12853.0,1433.0,5800.0,21121.0,1427.0
Madrid,2020-04-10,44783,383.29,12432.0,1399.0,5972.0,22414.0,906.0
Madrid,2020-04-11,45849,365.11,11894.0,1376.0,6084.0,23663.0,1066.0
Melilla,2020-03-03,0,0.0,,,,,
Melilla,2020-03-04,0,0.0,,0.0,0.0,,
Melilla,2020-03-05,0,0.0,,0.0,0.0,,
Melilla,2020-03-06,0,0.0,,0.0,0.0,,
Melilla,2020-03-09,0,0.0,,0.0,0.0,,
Melilla,2020-03-10,0,0.0,,0.0,0.0,,
Melilla,2020-03-11,0,0.0,,0.0,0.0,,
Melilla,2020-03-12,0,0.0,,0.0,0.0,,
Melilla,2020-03-13,2,2.31,,0.0,0.0,,
Melilla,2020-03-16,8,9.25,,0.0,0.0,,
Melilla,2020-03-17,17,19.66,,0.0,0.0,,
Melilla,2020-03-18,20,23.12,,0.0,0.0,,
Melilla,2020-03-19,23,26.59,,0.0,0.0,,
Melilla,2020-03-20,24,27.75,,1.0,0.0,,
Melilla,2020-03-21,25,28.91,8.0,1.0,0.0,,1.0
Melilla,2020-03-22,25,28.91,12.0,1.0,0.0,,0.0
Melilla,2020-03-23,28,32.37,12.0,1.0,0.0,0.0,3.0
Melilla,2020-03-24,28,32.37,12.0,1.0,0.0,0.0,0.0
Melilla,2020-03-25,38,45.08,14.0,2.0,0.0,0.0,10.0
Melilla,2020-03-26,39,46.27,16.0,2.0,1.0,0.0,1.0
Melilla,2020-03-27,42,46.25,18.0,2.0,1.0,0.0,3.0
Melilla,2020-03-28,45,48.56,22.0,2.0,1.0,0.0,3.0
Melilla,2020-03-29,48,46.25,24.0,2.0,1.0,0.0,3.0
Melilla,2020-03-30,51,49.72,27.0,3.0,1.0,0.0,3.0
Melilla,2020-03-31,54,42.78,27.0,3.0,1.0,0.0,3.0
Melilla,2020-04-01,62,48.56,32.0,3.0,1.0,0.0,8.0
Melilla,2020-04-02,62,45.09,32.0,3.0,1.0,0.0,0.0
Melilla,2020-04-03,70,53.19,34.0,3.0,2.0,4.0,8.0
Melilla,2020-04-04,79,62.44,37.0,3.0,2.0,9.0,9.0
Melilla,2020-04-05,83,67.06,38.0,3.0,2.0,11.0,4.0
Melilla,2020-04-06,86,67.06,38.0,3.0,2.0,11.0,3.0
Melilla,2020-04-07,92,74.0,40.0,3.0,2.0,11.0,6.0
Melilla,2020-04-08,93,63.59,40.0,3.0,2.0,12.0,1.0
Melilla,2020-04-09,93,62.44,40.0,3.0,2.0,16.0,0.0
Melilla,2020-04-10,95,61.28,41.0,3.0,2.0,17.0,2.0
Melilla,2020-04-11,98,61.28,43.0,3.0,2.0,18.0,3.0
Murcia,2020-03-03,0,0.0,,,,,
Murcia,2020-03-04,0,0.0,,0.0,0.0,,
Murcia,2020-03-05,0,0.0,,0.0,0.0,,
Murcia,2020-03-06,0,0.0,,0.0,0.0,,
Murcia,2020-03-09,4,0.27,,0.0,0.0,,
Murcia,2020-03-10,9,0.6,,0.0,0.0,,
Murcia,2020-03-11,11,0.74,,0.0,0.0,,
Murcia,2020-03-12,26,1.74,,1.0,0.0,,
Murcia,2020-03-13,35,2.34,,1.0,0.0,,
Murcia,2020-03-16,77,5.15,,2.0,0.0,,
Murcia,2020-03-17,97,6.49,,3.0,0.0,,
Murcia,2020-03-18,122,8.17,,4.0,0.0,,
Murcia,2020-03-19,167,11.18,,6.0,0.0,,
Murcia,2020-03-20,204,13.66,,11.0,0.0,,
Murcia,2020-03-21,240,16.07,61.0,14.0,1.0,,36.0
Murcia,2020-03-22,296,19.75,78.0,16.0,1.0,,56.0
Murcia,2020-03-23,345,22.83,80.0,23.0,2.0,1.0,49.0
Murcia,2020-03-24,385,25.17,99.0,26.0,3.0,1.0,40.0
Murcia,2020-03-25,477,31.18,127.0,33.0,5.0,4.0,92.0
Murcia,2020-03-26,596,38.14,172.0,36.0,8.0,9.0,119.0
Murcia,2020-03-27,714,45.45,209.0,53.0,15.0,12.0,118.0
Murcia,2020-03-28,802,50.54,231.0,58.0,17.0,12.0,88.0
Murcia,2020-03-29,872,53.62,260.0,58.0,20.0,16.0,70.0
Murcia,2020-03-30,939,57.7,265.0,58.0,25.0,17.0,67.0
Murcia,2020-03-31,974,58.71,283.0,59.0,34.0,20.0,35.0
Murcia,2020-04-01,1041,61.52,304.0,59.0,37.0,43.0,67.0
Murcia,2020-04-02,1084,61.38,389.0,68.0,42.0,45.0,43.0
Murcia,2020-04-03,1145,62.99,405.0,72.0,46.0,90.0,61.0
Murcia,2020-04-04,1188,63.46,434.0,79.0,51.0,113.0,43.0
Murcia,2020-04-05,1235,62.86,447.0,80.0,59.0,130.0,47.0
Murcia,2020-04-06,1259,61.18,468.0,81.0,68.0,156.0,24.0
Murcia,2020-04-07,1283,60.11,500.0,84.0,78.0,193.0,24.0
Murcia,2020-04-08,1326,56.83,515.0,86.0,85.0,203.0,43.0
Murcia,2020-04-09,1356,50.87,533.0,87.0,88.0,219.0,30.0
Murcia,2020-04-10,1383,44.78,533.0,88.0,90.0,255.0,27.0
Murcia,2020-04-11,1413,40.9,533.0,88.0,94.0,275.0,30.0
Navarra,2020-03-03,1,0.15,,,,,
Navarra,2020-03-04,3,0.46,,1.0,0.0,,
Navarra,2020-03-05,3,0.46,,1.0,0.0,,
Navarra,2020-03-06,3,0.46,,1.0,0.0,,
Navarra,2020-03-09,3,0.46,,1.0,0.0,,
Navarra,2020-03-10,12,1.83,,2.0,0.0,,
Navarra,2020-03-11,46,7.03,,3.0,0.0,,
Navarra,2020-03-12,73,11.16,,3.0,0.0,,
Navarra,2020-03-13,130,19.87,,4.0,0.0,,
Navarra,2020-03-16,274,41.73,,5.0,1.0,,
Navarra,2020-03-17,313,47.69,,10.0,2.0,,
Navarra,2020-03-18,386,58.54,,10.0,3.0,,
Navarra,2020-03-19,482,73.22,,11.0,4.0,,
Navarra,2020-03-20,554,84.22,,19.0,5.0,,
Navarra,2020-03-21,664,101.04,222.0,25.0,9.0,,110.0
Navarra,2020-03-22,794,120.91,288.0,30.0,14.0,,130.0
Navarra,2020-03-23,886,134.97,339.0,40.0,24.0,7.0,92.0
Navarra,2020-03-24,1014,153.16,405.0,45.0,31.0,11.0,128.0
Navarra,2020-03-25,1197,176.39,506.0,51.0,33.0,23.0,183.0
Navarra,2020-03-26,1411,205.05,649.0,54.0,49.0,35.0,214.0
Navarra,2020-03-27,1641,230.96,732.0,75.0,58.0,70.0,230.0
Navarra,2020-03-28,1829,257.26,827.0,84.0,70.0,98.0,188.0
Navarra,2020-03-29,2011,279.42,896.0,90.0,84.0,125.0,182.0
Navarra,2020-03-30,2146,286.14,955.0,96.0,102.0,161.0,135.0
Navarra,2020-03-31,2305,304.49,1035.0,99.0,113.0,192.0,159.0
Navarra,2020-04-01,2497,322.68,1120.0,104.0,130.0,236.0,192.0
Navarra,2020-04-02,2682,336.28,1181.0,108.0,141.0,278.0,185.0
Navarra,2020-04-03,2836,348.82,1284.0,119.0,151.0,294.0,154.0
Navarra,2020-04-04,2972,352.79,1341.0,120.0,171.0,311.0,136.0
Navarra,2020-04-05,3073,348.36,1399.0,123.0,178.0,334.0,101.0
Navarra,2020-04-06,3231,358.45,1432.0,124.0,187.0,380.0,158.0
Navarra,2020-04-07,3355,357.83,1488.0,124.0,202.0,421.0,124.0
Navarra,2020-04-08,3467,346.98,1526.0,124.0,206.0,450.0,112.0
Navarra,2020-04-09,3575,330.78,1526.0,124.0,214.0,462.0,108.0
Navarra,2020-04-10,3748,322.07,1620.0,124.0,218.0,560.0,173.0
Navarra,2020-04-11,3817,303.88,1641.0,124.0,227.0,603.0,69.0
País-Vasco,2020-03-03,13,0.59,,,,,
País-Vasco,2020-03-04,17,0.77,,0.0,0.0,,
País-Vasco,2020-03-05,17,0.77,,0.0,1.0,,
País-Vasco,2020-03-06,45,2.04,,1.0,1.0,,
País-Vasco,2020-03-09,149,6.75,,5.0,5.0,,
País-Vasco,2020-03-10,195,8.83,,5.0,6.0,,
País-Vasco,2020-03-11,225,10.19,,15.0,6.0,,
País-Vasco,2020-03-12,346,15.67,,18.0,11.0,,
País-Vasco,2020-03-13,417,18.89,,20.0,14.0,,
País-Vasco,2020-03-16,630,28.13,,29.0,23.0,,
País-Vasco,2020-03-17,765,34.06,,33.0,36.0,,
País-Vasco,2020-03-18,973,43.3,,37.0,40.0,,
País-Vasco,2020-03-19,1190,53.13,,44.0,53.0,,
País-Vasco,2020-03-20,1465,64.32,,53.0,71.0,,
País-Vasco,2020-03-21,1725,76.09,654.0,71.0,85.0,,260.0
País-Vasco,2020-03-22,2097,91.81,988.0,81.0,97.0,,372.0
País-Vasco,2020-03-23,2421,102.91,1252.0,92.0,120.0,283.0,324.0
País-Vasco,2020-03-24,2728,114.73,1425.0,106.0,133.0,344.0,307.0
País-Vasco,2020-03-25,3271,139.6,1577.0,119.0,155.0,466.0,543.0
País-Vasco,2020-03-26,3946,164.99,1907.0,137.0,180.0,621.0,675.0
País-Vasco,2020-03-27,4601,189.51,2270.0,154.0,207.0,814.0,655.0
País-Vasco,2020-03-28,5136,209.03,2612.0,176.0,221.0,1023.0,535.0
País-Vasco,2020-03-29,5740,231.45,3106.0,271.0,265.0,1503.0,604.0
País-Vasco,2020-03-30,6057,245.81,3427.0,293.0,297.0,1646.0,317.0
País-Vasco,2020-03-31,6320,251.61,3594.0,307.0,325.0,1796.0,263.0
País-Vasco,2020-04-01,6838,265.65,3806.0,324.0,369.0,2165.0,518.0
País-Vasco,2020-04-02,7317,277.52,4087.0,344.0,412.0,2490.0,479.0
País-Vasco,2020-04-03,7827,288.16,4283.0,363.0,444.0,2809.0,510.0
País-Vasco,2020-04-04,8187,292.69,4522.0,377.0,477.0,3098.0,360.0
País-Vasco,2020-04-05,8628,295.82,4666.0,404.0,515.0,3405.0,441.0
País-Vasco,2020-04-06,8810,289.39,4794.0,410.0,548.0,3568.0,182.0
País-Vasco,2020-04-07,9021,285.04,4856.0,417.0,586.0,3728.0,211.0
País-Vasco,2020-04-08,9452,279.96,4982.0,430.0,635.0,4151.0,431.0
País-Vasco,2020-04-09,9806,265.43,5130.0,433.0,689.0,4514.0,354.0
País-Vasco,2020-04-10,10103,249.21,5290.0,442.0,729.0,4680.0,297.0
País-Vasco,2020-04-11,10515,243.64,5402.0,453.0,765.0,4741.0,412.0
