Region,Date,Total,AI (14d),Hospitalized,ICU,Deads,Recovered,New
SPAIN,2020-03-03,150,0.32,,,,,
SPAIN,2020-03-04,198,0.42,,7.0,1.0,,
SPAIN,2020-03-05,237,0.51,,9.0,3.0,,
SPAIN,2020-03-06,365,0.78,,11.0,5.0,,
SPAIN,2020-03-09,999,2.14,,68.0,16.0,,
SPAIN,2020-03-10,1622,3.48,,100.0,35.0,,
SPAIN,2020-03-11,2128,4.55,,142.0,47.0,,
SPAIN,2020-03-12,2950,6.29,,190.0,84.0,,
SPAIN,2020-03-13,4209,8.99,,272.0,120.0,,
SPAIN,2020-03-16,9191,19.3,,432.0,309.0,,
SPAIN,2020-03-17,11178,23.45,,563.0,491.0,,
SPAIN,2020-03-18,13716,28.75,,774.0,598.0,,
SPAIN,2020-03-19,17147,35.96,,939.0,767.0,,
SPAIN,2020-03-20,19980,41.71,,1141.0,1002.0,,
SPAIN,2020-03-21,24926,52.18,13282.0,1612.0,1326.0,,4946.0
SPAIN,2020-03-22,28572,59.64,15554.0,1785.0,1720.0,,3646.0
SPAIN,2020-03-23,33089,68.24,18374.0,2355.0,2182.0,3355.0,4517.0
SPAIN,2020-03-24,39673,80.91,22762.0,2636.0,2696.0,3794.0,6584.0
SPAIN,2020-03-25,47610,96.56,26960.0,3166.0,3434.0,5367.0,7937.0
SPAIN,2020-03-26,56188,113.03,31912.0,3679.0,4089.0,7015.0,8578.0
SPAIN,2020-03-27,64059,127.27,36293.0,4165.0,4858.0,9357.0,7871.0
SPAIN,2020-03-28,72248,141.09,40630.0,4575.0,5690.0,12285.0,8189.0
SPAIN,2020-03-29,78797,151.04,43397.0,4907.0,6528.0,14709.0,6549.0
SPAIN,2020-03-30,85195,161.62,46617.0,5231.0,7340.0,16780.0,6398.0
SPAIN,2020-03-31,94417,177.01,49243.0,5607.0,8189.0,19259.0,9222.0
SPAIN,2020-04-01,102136,188.02,51418.0,5872.0,9053.0,22647.0,7719.0
SPAIN,2020-04-02,110238,197.96,54113.0,6092.0,10003.0,26743.0,8102.0
SPAIN,2020-04-03,117710,207.82,56637.0,6416.0,10935.0,30513.0,7472.0
SPAIN,2020-04-04,124736,212.24,57612.0,6532.0,11744.0,34219.0,7026.0
SPAIN,2020-04-05,130759,217.3,58744.0,6861.0,12418.0,38080.0,6023.0
SPAIN,2020-04-06,135032,216.78,59662.0,6931.0,13055.0,40437.0,4273.0
SPAIN,2020-04-07,140510,214.43,63093.0,7069.0,13798.0,43208.0,5478.0
SPAIN,2020-04-08,146690,210.69,63516.0,7132.0,14555.0,48021.0,6180.0
SPAIN,2020-04-09,152446,204.69,65859.0,7371.0,15238.0,52165.0,5756.0
SPAIN,2020-04-10,157022,197.68,67574.0,7482.0,15843.0,55668.0,4576.0
SPAIN,2020-04-11,161852,190.54,68050.0,7535.0,16353.0,59109.0,4830.0
